$ANSIBLE_VAULT;1.1;AES256
65343738333936616263663935636234336633393533356435316138336532343064323662303166
6335616466383766616234366465336264373430323837640a613939356162396162616638613739
38343661646562643365383161333766353539663338376563313131393734346534626635353132
6661343935353639630a626433303533666439346430363131393630303964666233323534336537
62393036376239663236363764656236613263356662623839373334613164373561356232666439
63616231343461396537306161366439663362313065366131666466636465336665633436656131
31306365356138343033383363663665663963613238336138646335643461306539613233373331
33336137663038366366383463643830323031323238336164633934656630346133323837353565
31653362643531303864376565396339346436313832393435626261396532316262376330343637
61316537656439333163633732643163306433316130383266666638613362326264633036383466
62323638383833656462383935323962643731653566653462303038663637313137326637666236
35386130323335633930653363366230383835316566303432313766393731653862333161366164
65346333363732633461353561333030313965366433313539383839313239656231643866333465
66653464663962343834353037323430653665346165393035303862656330386633656665346262
31613034656132363938653135636265313636306436363335336337333265656634343263373530
30336562353465336662633065333564353435613638386530363230356236356132383166636531
38376463336638313764633735373037373730656332343035393931383561333435626331646562
36306133333230353966393537666239636165343061313064656334343439336665373836666538
65623236363265333233313339306666313237303762326437623866653965383962636135386533
31623562386563396335373461333634323563653864383338326335373933326663653666323833
34356266663637353264663937383431636365363930636537646137363930383238363232653039
33343066366230326464373563343562616261383961313865386362356336613561323330623138
63333066393034633330383636636632636661633337383137613061613435333738316137356462
63333436326336343232323339626466313766323362636638333262356564363537326531656562
36353638366534323763306533346230636337626363313439353933313361366436383338623339
62643362633036393739323462383165343663313266633962313737303565636564613062343535
65626532613636663939653561353361656539316364393338313433613434666630376465363064
32316132353936656433333934656237653466343966633561326333336437656136376361376233
33356238353365656530323333383932396435316430643337623466333237666664396561666534
38613166343332383531356630343530663762373930326639383538383039353963653664323931
35383539316439393764303337656530613835386233643965383462396536346130623239333735
32393635303438376463646164316139323961353262626234333532353866343935643262393433
37613937373434376431363637646338336235303263343130316266663032336232653937303537
31653333396334306439353438636466613732373664353865363666636431663864346635613630
33383963636634616135613362663532393565393764623631616262356335303465396535643735
63386261633237656364343039636636656535333338316139396230393636373432633439626132
31386539623939383930313030356337356334396232353636333236386436653437393964396338
66643765636535366135663538643563376162383939303339306433373836316633623733623937
30363936386561653733326231356664306462623764656339636364653430623762363165376530
35343736663763353337616163663438366466666563643762613633623737333936613436376535
32376337356131306464353239346638373665666266326231393431356231656432306539643263
64323966653731363239373562616333653262333065343237373136616464323732306337666464
36623839656133393938666366373366623965666164383565353463623733613632303931336531
39333434343662623664316531373239393834383439376630336562383938363430333666623665
35663366336137323761336438386230356264623530383562316566333831303435636537323339
64323335366362656631336266643437316432303062306237653039343665346462386535653935
61393530306263613035656261643062303066653237383935623034373937353330393563333233
31363435643661643532663832613061636139353963616264363566656138333339393732333964
37653033376131633465353663623132373566333937643761623639393833626431396536303031
34343837313135396163383365383733646664646562633736396666393138356338373637333861
37373864646538323964363131326431316235323631636333383330613066656464653262353866
38363630373562613836303730393431373065306137653737363538626336636565323961393031
33373564643564306162336437653232353865633636633166333762303336326138346238636234
39393163396535353635383662306635353762653434623432393339623765383965383563336263
61396465373965396665353366373635326265356266323262333435613131613065356164346333
66323235336364326262393364316163663365333265653463626531633033663233373362336365
64366466383037656533333138363664656533396330356637663463386361356131303533393165
34393363343830663439303962386166633338333366376364626537396365336138636535383062
62653736376635376164356262643337313637333235313635666237336132333866643238313162
66326363346239356133306336303261353765306231653937393366336533383666396261363666
64613130333762383761363331323230643339633634656431636333353537343263633030363836
61313833303034663639626332656331313863663665343532613061633133393130663239316264
33633465613937623733383833386163393033313161313335366638376233303034616561353131
36663930623734393236323339656664353462383537616139316136333266356365386466343261
66313933363564666463313962313638306564626234396434663562373437323333666430623338
38313033323536643064373838663762653432373736333334623637653663656263363231653764
33613433386566353362326366656239356362383231383461323637373336393037376639333561
37373830373234323664303035373064353466313162366432366161353861396437323131646130
66333239616132363962376362323065343734306361316561653734643230323031623534663936
65313838663934303563313632356434373263316338393639656662656662346666636233396663
32326262653837336135363165666461653165363965663031343566613333626261363465383035
30366662643534383030343737613631386431343062316535356361613539306630313763376165
38376431626661303336393063653732633635643065653363363631343730336433616234376133
65643730633164633261343734623231633166646432643237636433663035653939643939656137
62323736663032353964366231343035303661313030366163303331353166396264323136643036
31343337656562383062333338303535643265346433326333303964613566363634363364666339
36323436306363663031323533396431643065633766366332393130343164336130653039613366
65313066316164303864623132363935306639663833666264633364633039383535393239363961
61393235346137616135303333626265343664613464316536333638623833646530313433393365
37386331366532343838353330383534616331336332316130336464613831396231353766663163
64353166323261623262356138303633323331323234396234643632643462393764333339303039
63383261353865613039346134323936616566343765656236303035346264366339616238653136
61346439306338316630393665613265383838383163326132306132303337333738356265616432
30363130643861393964643231356635343539316636633262646539333265393763636238363662
33336139313332393962623364346232326635623237663533623637313830346665303161653465
63373231626434643336353666376631626633623732306436633333383031363436383236303431
39623630383164343638656466636361333635366663666132663764363762343630613866636164
31356437343834346264643563646135346464643036326462393134623864343937323161393335
31633137646537663138613938623933313965646436383063646639646666353133663037353532
36333338656664333237623134373534653264313231373932373332323030366536363336613162
61353263346638633631326662316164663839363232363262366336346237373435396163303930
64363461393934393266353236356631346431626563656335663431656633636561303134646461
36613834343331633764303533336565666264666137396139616532303434363335323234343130
33386566316666633265653461643337346430323062633233363931323731376166386130366138
32393437363434323763646530323432626361396435326239396634623030616234656334343865
32643632653762613662636565376265336435373137333438396332656336373639326536663838
64656266623561396530333633376262373061653762303461363965613231373463353435306530
31366265336238316566363461306631666138313439306439656130376137663732313065316530
35316430383361663766373430353331626630323432663937356265383732333333333533323136
34353631303565376531626666303837663238663533346566653330316261333135376166323162
66626436363865623964393139663436393830316465396530613433633230666331343933633632
63306265653166336662316665653862373831316138623161353864336234303834353665636535
39636364643964386530326335316631303462393733643231636263623232356536356366363162
32313962333765663963303935306535333264363261663062626337666338373461396137373665
35346437353238373161353461366535363531393966383936303131393736356335376635663732
32633966656435306162333562393433306163616230366565373033303838613561386165336166
64323636303664646231386261653532626230306166373664653733396330346265633036323764
63373639353161303064383962633461323130376535653965333165636235633063626638663739
33646562373138663233343363653939396164666133613832366262356263323362643562653538
30363836663965616233626661343365326463306130326138616634323331613861353230333964
66303734356637396137313162643634323632326262643635633432316534313230663136376432
39626362303137646363653461386432666136633562636539353066366430306264393535623762
31383637353135363338366165616132396561326136323735333161623562633231633239623135
62323638303137663935303431393164623736333861653563646164656238653039623936386134
38663961636263613935323030386131366438383461323965663063366633363233643237663932
31316165666265663739353939383262343030366361323435336266643266656431383662363965
38666136366238333062313135323531626237616130643037366632333866393332663231376663
37383230336663303961323131666263366531643765653038326437346463663930363630633464
34373164393166643035323934303731346663613233373838313535326662303031313730316365
65316566633532666262336462343535303938343535373466643762353664313130333731326535
64386164356332623061336266623437353461376630353366323537373663646530333233366562
30333731666636376138376237653665336165316531636339323666343533346462316130646361
35306334363566626139653237333435626264343932303933653764393531326461326331313439
62313633613063316535636132333861356533333538363461633231306662653035316263653962
32376534613534623930393261383563393336393933373032306166333165343631346630663636
32663562623732386435383538326132383338356661373035313035336465656561653465383337
61363361636439333135653333633037613463353135343232383732326664633763313132613631
32346463646466666134613766643663613431313033363338653338646465623863393131313262
38316235643766366263386234303634376561343130653264313439396139383238616662386565
39373336623434623837323238386233636137363961323331313131343633386433656332313364
33373837346166306237616164393765323631383962646336626332353534393936303435613866
33393534616138663734666165363762303939313730636262633563333433636362643335623966
62313962373539663563646433346365396164383362633966613462636365646265376264393864
3264643237636164643865393330306366396334633538313564
